Logical Processors (C++ hw_concurrency): 72
Max iterations (1..20)
Function under test: func_1()

--------- Run function func_1() 1-20 times sequentially
1 5.54676
2 7.9635
3 11.7566
4 15.8687
5 19.5814
6 23.3675
7 27.5209
8 31.3893
9 35.5579
10 39.2162
11 43.2509
12 47.6343
13 51.206
14 59.6751
15 65.4207
16 67.8849
17 68.5911
18 72.4707
19 75.6533
20 79.7263

--------- Run function func_1() as 1-20 threads concurrently
1 9.97249
2 10.4742
3 11.4999
4 11.3969
5 11.2742
6 10.7091
7 10.7313
8 10.3659
9 10.8989
10 10.2327
11 14.05
12 12.1414
13 12.1504
14 11.1321
15 10.7998
16 11.6097
17 11.3589
18 12.0586
19 11.4056
20 12.2224

Done.
